1199
649
Wall:
485
381
543
379
Wall:
636
265
636
265
Wall:
562
350
562
294
Wall:
500
293
362
305
Wall:
356
422
570
471
Wall:
729
388
687
47
Wall:
293
242
251
503
Wall:
523
576
838
378
Wall:
423
43
227
188
Wall:
266
492
434
500
Wall:
667
323
667
323
Wall:
923
195
628
213
Wall:
971
297
432
236
Wall:
492
118
809
135
Wall:
258
363
149
557
Wall:
440
629
720
597
Wall:
1076
440
1058
230
Wall:
917
490
1082
583
Enemy:
151
385
7
Enemy:
338
570
7
Enemy:
881
562
7
Colour:
64
574
56
574
7
Colour:
100
520
66
567
7
Colour:
131
461
87
454
7
Colour:
100
454
184
400
7
